12
1784
639
1005
907
9273
5396
8459
7907
6761
1975
1639
4872
9775
8319
1930
618
291
4031
9205
5030
5201
2575
2880
6682
2002
1918
8272
8013
2796
9426
6892
3240
1515
5768
5458
7948
5039
3121
1657
4195
7305
5809
8155
4250
2147
2624
9918
8919
9889
4157
3269
3558
4157
3353
3419
3784
4323
3638
1009
7735
7719
3379
8671
3324
2076
8483
4781
9111
8097
5738
3075
2120
6567
2912
1543
7698
9052
1868
2914
5295
6859
8988
1088
2066
2262
8789
1096
4779
5444
3737
2360
5263
4272
2048
289
4809
2257
4858
1370
5297
9344
2383
7300
4592
3993
8931
8127
1773
6100
6837
6465
8438
3042
8623
4068
8938
3181
9620
9016
9787
4475
2825
4404
7336
5639
9795
7134
4217
1409
1938
4472
4745
768
427
1507
7259
8242
2550
7216
639
2061
9641
2875
1674
3797
3568
9885
1867
2306
8889
2834
652
3076
9875
5128
2990
2626
6231
9755
1569
186
7267
8153
5136
5208
2311
376
122
8968
4310
1489
2813
811
2010
8604
6375
9428
2582
1358
3148
5752
4112
2565
9183
8893
2492
6094
1729
2183
8065
399
8727
5847
6495
1588
7878
7238
1105
6725
205
5995
6550
641
112
3413
512
5624
5758
7663
9665
9037
7530
365
9186
6253
6424
567
5574
1916
9350
6393
3772
4211
3989
7165
2536
2583
4416
2214
2362
5652
8487
9360
4474
553
3241
3296
8443
9279
8825
5264
2045
2048
4141
8915
7014
5638
1314
5023
6749
5669
7789
7829
8350
6094
6632
6232
3275
7497
3385
2281
9066
2230
5618
9213
1529
8293
1488
605
5399
2398
1687
178
8703
3055
9308
3225
2889
3903
4017
1005
8008
4121
6377
1262
9885
2161
7967
1995
3926
354
8926
5705
8699
7437
7841
3532
2841
8007
4532
6151
275
8864
5223
3508
4009
1281
7315
1852
6695
687
8735
5409
9926
2683
9668
7613
7284
8179
5515
367
8675
1419
8348
5238
8750
2538
4992
9588
4640
5412
6826
2807
3578
3047
4443
5273
1592
1480
2130
6544
709
8817
1874
5296
5936
9936
7571
6546
3649
8679
2123
4223
31
6275
6158
4282
4581
4745
6718
4166
8858
818
6173
9805
5321
4721
3096
6405
9656
2452
805
2600
7
8475
7961
499
9641
5769
1320
8482
8015
8059
8363
7559
476
3120
358
6190
3486
7726
8887
7132
4169
6246
1544
7978
5018
6155
9010
1993
9377
9131
3943
1712
8622
539
512
9047
6408
8639
6667
7190
5899
6213
8771
53
4712
34
4846
814
3345
2745
4767
8324
7784
2613
6607
6794
5696
3997
2676
9366
2098
9035
4248
9737
8725
290
1640
1531
9978
5935
8857
9334
855
3707
1454
9116
1250
5825
1731
6344
9030
9567
3802
2407
7001
4777
2406
2101
1438
2575
7274
6642
5669
8053
1226
3211
1332
5701
3974
7018
6419
2790
5614
6766
4660
7718
2470
985
6930
6035
8876
4270
4300
4458
1477
9617
896
8133
6020
9115
1518
9411
2456
5950
7016
7482
175
9144
1146
901
2171
3559
8106
9030
5519
5971
8088
3695
9901
8743
2204
7976
7758
2236
6242
8409
7550
459
2557
8397
4861
5173
3224
7552
4347
7750
2545
2469
8235
8528
5347
8769
4852
945
3894
5708
7457
4145
9405
4927
6532
6698
2428
1962
8731
444
416
4959
4274
1153
1595
8469
9866
3734
465
878
8103
9074
6402
1271
7289
6188
5840
6194
2198
7798
4915
8003
9296
6653
280
3497
4296
5653
2932
1039
789
8728
3645
1694
6822
35
8177
813
3082
633
4893
2390
6287
8074
7065
3996
9120
5676
5403
905
7119
3393
8304
2046
4227
9585
5823
4886
9945
3037
5607
2253
928
1202
5317
7292
1585
1896
7716
3981
4700
8907
7205
9661
9721
424
9773
9011
4734
7053
6571
1403
2176
628
6603
4825
6560
1116
8181
8576
2732
5481
1326
4699
9934
2682
6745
8720
4261
4601
8962
2
8596
6501
1892
8414
8599
5436
2335
394
3777
3584
3218
2224
8713
8504
3909
5034
3248
4520
8641
8152
8483
9817
6746
5488
5540
9352
1542
5029
9561
8616
7811
6461
3733
892
8285
4936
7203
8818
902
6762
505
67
6581
1813
5726
3990
1704
267
2858
6929
9989
7313
3841
4038
9916
7588
163
6346
6781
5846
2402
7085
5181
7329
8228
4567
4473
5608
6219
4440
85
3691
3206
7096
1811
6475
4844
6687
9520
9893
8305
7672
6039
4044
622
2248
4379
88
6427
9518
8581
5889
5064
7585
4827
5797
7738
8533
5076
8303
3612
5100
1222
3152
5020
6029
7688
1801
6580
5845
2115
9521
8331
4268
553
4856
3437
8400
3036
3337
5668
7831
9065
8010
2433
3686
2407
2880
5753
5033
9015
32
4612
8832
7052
584
9765
2075
2192
6916
7674
9370
7407
6689
5618
6831
6165
9343
7001
6093
6250
3541
4028
1361
6060
2141
5917
5312
5886
6496
7837
8874
7314
4890
5325
4190
704
40
2470
5651
9779
7429
695
2330
7686
8074
1878
393
526
667
5244
6484
8755
6833
7872
7470
749
6602
7770
2901
6080
2571
3462
6100
2510
2635
9279
9684
2101
5883
6281
4915
6469
5097
9831
2621
7038
3405
8600
5766
4557
6195
5977
863
8673
1788
7182
241
5170
3482
285
4832
3481
3461
9956
6865
1326
4171
4599
8405
3087
6890
344
8626
8708
1169
8968
8472
2384
204
3951
228
5847
7579
7452
5521
8941
4259
5860
9790
7878
1335
599
4196
9668
1928
5964
8173
5619
7903
3203
7399
9977
3902
4462
9769
92
1464
6358
7107
7774
5087
2756
7112
7020
251
9465
6733
619
1782
4124
7092
5224
9742
7702
9531
2920
4836
5847
5533
51
5568
7318
1826
9898
4307
7706
2731
6522
3358
4267
3815
1744
6792
2488
4052
5232
1108
7740
8182
8512
4972
2637
2524
486
3847
9388
342
5863
8032
8761
8044
7074
6066
8775
4876
1642
9307
355
7015
9546
8273
9601
6159
3798
5036
2092
1935
314
8582
829
6943
1200
1884
5178
5062
4319
7599
4844
3192
6622
1561
8261
7563
7217
3246
759
5176
3088
6520
8928
4397
2726
1291
5483
5467
6122
9982
9686
8876
9110
1827
3081
7845
5311
8309
3377
3930
6919
5428
9874
1725
7844
8962
5710
4074
1870
6957
6431
6785
3549
2089
7510
4539
5802
7260
1902
52
9486
2944
2090
6741
2436
8806
2980
6169
9339
3523
7334
861
9483
4998
202
9625
8732
2782
9971
8298
3927
6774
5170
6644
600
8005
9778
1077
9477
6304
2082
9913
6252
1388
1602
9485
6458
4809
5266
3544
1306
832
6432
9545
6261
2864
3891
5901
8748
1553
1514
7067
5421
7330
6010
7294
5230
3248
6103
4753
8346
3670
6708
2480
4370
5683
854
5833
1245
7924
2976
1943
1596
9192
8018
9328
206
7004
9465
7736
6019
2614
4935
65
4855
7240
7142
354
4177
2633
2729
4655
7451
2933
9116
5323
8409
9353
2083
4012
2308
3213
3691
5698
1867
438
8759
7740
4371
5475
2942
6894
3014
826
4759
122
482
4217
1200
878
355
9762
8458
933
8376
5061
2487
1934
2644
8592
3957
6838
6942
242
3312
6712
2464
6708
3709
3751
3689
3934
1152
7882
4600
1030
3767
6996
3346
8830
6703
7365
7610
1033
7027
8090
1590
7855
6413
3910
7957
2954
2364
2211
2944
3639
9308
9675
4301
1422
9066
8093
2699
3023
5273
6702
240
379
4066
3399
5401
6241
1510
2464
3335
9940
3614
2364
9907
150
2798
4105
5408
2162
2570
4576
2111
5153
2939
1611
4434
5741
4967
1210
6375
9262
350
7492
5890
1133
7614
4919
8875
915
5751
8697
9398
5630
1559
5355
458
9486
1485
1620
4476
8579
607
1911
8477
9591
927
4204
8496
4400
3148
482
260
2960
6342
2401
2151
6397
9105
2511
3612
1291
8854
7322
2343
9652
6405
6603
9516
3443
7840
9724
8097
133
12
7678
4614
9474
7777
7578
5179
5386
5155
5873
7616
5069
1925
4225
5188
7226
6362
5058
5309
